-81
-79
-77.2667
-73.9333
-72.5
-72.4286
-73.8611
-75.2143
-76
-76
-76.5333
-78.0952
-77.6389
-75.8929
-74.6667
-80
-83
-83.8
-84.9778
-85.7857
-86.5
-75.8333
-76.2
-76.5
-77.2143
-79.2143
-81.3333
-81.5
-79.0714
-75.7143
-74.5
-75.3571
-74.9167
-77.2222
-79.7222
-79.3889
-79.6667
-79.2889
-78.7778
-72.3333
-69.1333
-69.8611
-74.3889
-74.6429
-74
-77.4286
-76.619
-75.6071
-74.5
-73.6667
-73.2667
-71.7778
-71.6
-74.3333
-76.1667
-78.1944
-77.75
-75.9556
-72.9556
-73.4722
-71.25
-69.6786
-74.6667
-76.6071
-76.2381
-77.5238
-80.9048
-76.9524
-74
-74.8929
-72.7222
-76.2222
-75.4
-74.7222
-75.1786
-74.1333
-75.4667
-73.75
-73.8333
-69.6786
-66.619
-68.4643
-75.3611
-75.75
-76
-79.1429
-78.9444
-77.6071
-72.75
-71.3333
-68.9167
-65.2778
-65.4167
