-69
-75
-71
-69
-67
-69
-66
-70
-74
-79
-73
-80
-72
-73
-73
-75
-78
-78
-73
-82
-78
-73
-73
-76
-90
-76
-85
-75
-72
-75
-75
-71
-67
-70
-70
-76
-71
-75
-69
-77
-73
-79
-74
-81
-75
-77
-79
-81
-74
-85
-79
-72
-72
-75
-76
-71
-70
-72
-75
-77
-72
-72
-70
-67
-78
-64
-69
-83
-81
-73
-86
-73
-81
-87
-75
-76
-71
-75
-85
-86
-81
-75
-69
-78
-81
-70
-71
-70
-82
-78
-70
-67
-83
-78
-79
-74
-73
-72
-78
-72
-76
-80
-72
-75
-86
-72
-72
-86
-78
-77
-76
-74
-69
-81
-73
-70
-85
-70
-62
-72
-65
-65
-68
-71
-70
-79
-77
-78
-77
-78
-71
-87
-73
-78
-78
-79
-83
-78
-78
-75
-82
-81
-72
-72
-76
-71
-69
-73
-71
-70
-73
-67
-64
-65
-64
-64
-65
-65
-68
-66
